spawns: 
  default: 
    world: world
    x: 220.39272363440554
    y: 79.0
    z: 307.50572277471167
    yaw: 88.82294
    pitch: -0.31497693
