timestamps:
  login: 1421498918790
  logout: 1421501664307
ipAddress: 24.67.96.124
lastlocation:
  world: world
  x: 225.6747227563448
  y: 65.0
  z: 281.7764923961427
  yaw: -190.62714
  pitch: 3.900024
logoutlocation:
  world: world
  x: -1423.722589041047
  y: 102.0
  z: 1071.1547695533363
  yaw: -275.10223
  pitch: 29.399931
